25114
1111111111
3333333333
181292321118743131219236834956616923925
61247812412412123124579127212412435689
1798235697156912783569836129273561725378612378635613059612634513257896128935618263
91253942735679263798126356239175735123123621561235621891231231289329845123895893912943129491253945129543951293459125912534912359145912123591256
9125394273567124124121241266251212047128436215612356218912312312893298451238958939129431294912539451295439512934591259125349123591459121235912561451111111111
101010
502
0
