20
2 999 876 
81 142 722 335 514 418 814 664 604 654 752 67 71 25 551 826 959 943 721 201 758 651 434 413 94 878 668 897 550 594 793 230 568 419 342 895 328 582 258 996 549 746 473 601 858 364 511 225 51 873 235 192 51 667 752 165 954 309 450 223 26 450 96 365 761 458 279 882 10 282 611 74 600 988 740 737 31 437 655 381 507 296 
85 252 909 857 679 369 67 620 724 456 797 358 865 420 354 648 406 385 487 753 45 644 675 368 567 652 880 223 581 463 438 389 924 298 286 439 715 257 758 169 320 293 822 921 192 86 362 706 197 842 151 897 550 464 19 115 1 467 672 948 314 854 666 644 682 848 396 323 878 680 129 534 938 755 177 384 528 488 752 667 460 160 401 772 223 754 
75 453 293 104 635 225 173 391 449 813 473 198 922 283 538 572 268 997 100 262 637 767 323 586 799 781 697 412 207 93 225 238 42 338 34 16 453 131 613 650 25 766 688 93 685 309 564 356 565 10 421 805 483 732 703 88 701 609 995 723 326 532 200 928 0 431 799 465 833 1 223 375 974 842 877 699 
41 853 436 501 761 405 895 233 155 193 488 586 482 885 370 848 276 984 368 977 486 645 93 30 825 686 281 857 753 506 817 291 931 415 666 571 635 355 833 105 943 908 
27 378 733 719 221 320 986 89 206 453 199 328 208 839 774 86 650 597 325 450 512 575 14 695 426 230 63 103 
59 279 264 300 653 91 868 789 823 60 132 516 678 155 671 257 692 868 564 498 446 905 632 20 179 616 737 388 825 982 494 276 84 716 880 375 0 288 498 200 188 287 114 702 237 268 555 357 802 704 362 906 763 321 956 57 822 898 243 642 
11 255 353 267 500 766 937 792 682 28 339 575 
33 870 223 112 965 54 390 762 594 509 344 574 298 213 582 681 426 84 424 484 502 119 362 172 227 99 381 160 192 300 976 429 539 30 
51 791 219 317 730 753 333 288 393 577 528 487 586 275 841 928 862 533 556 68 917 144 168 412 116 648 583 91 109 110 714 134 677 675 320 72 864 711 708 334 368 779 195 366 557 437 810 139 685 10 818 427 
45 614 745 103 927 223 158 513 809 251 646 588 344 653 997 345 341 252 928 699 266 499 594 976 758 583 458 308 50 736 366 0 743 551 451 889 853 683 272 121 24 290 491 521 705 550 
83 941 338 88 559 562 708 893 879 297 77 227 14 162 368 901 98 331 108 692 166 528 786 195 862 749 851 709 923 965 5 381 450 380 594 319 589 708 403 516 844 274 607 429 364 141 309 574 682 704 965 284 118 399 68 192 254 167 127 449 13 772 562 82 443 875 876 739 55 961 517 234 565 901 40 422 595 372 754 634 465 830 279 118 
55 47 696 325 768 584 566 537 178 835 226 472 540 835 426 263 947 365 53 853 152 764 936 608 585 164 506 943 251 674 324 563 473 154 540 920 296 922 812 401 458 525 736 697 717 521 437 530 626 663 47 688 810 320 409 902 
97 921 872 464 227 634 647 68 696 837 825 503 197 416 6 826 703 154 215 156 685 832 598 280 726 585 323 63 32 972 182 837 241 966 428 467 420 47 305 11 992 300 576 558 128 650 485 97 756 341 350 208 872 925 463 548 285 833 230 45 166 59 425 153 393 21 131 394 633 279 176 702 321 227 800 418 871 444 343 859 598 9 722 443 121 729 427 491 870 880 163 203 824 349 78 968 37 782 
23 999 876 259 462 934 705 543 897 770 641 589 909 354 747 579 267 705 83 572 270 807 791 41 
65 377 331 985 41 239 122 200 791 256 734 937 80 806 346 676 748 406 92 611 644 3 790 155 352 760 752 207 70 618 367 327 100 443 724 701 114 827 683 296 967 353 54 585 454 56 126 635 28 829 262 808 57 356 355 886 89 513 52 744 182 324 994 321 460 719 
17 945 782 497 380 959 578 65 837 870 618 444 12 656 345 168 43 484 
13 611 876 666 178 641 403 377 804 590 641 708 268 512 
43 156 884 848 933 536 819 493 299 636 272 763 334 229 229 85 394 808 819 405 439 757 178 562 57 938 718 268 282 543 969 722 829 32 483 464 683 598 312 574 229 72 85 17 
91 429 383 71 482 900 242 395 308 781 680 257 106 42 198 230 928 666 115 121 696 289 250 803 925 717 5 6 640 837 785 523 857 421 154 622 726 285 194 382 664 782 526 766 44 973 55 792 800 398 508 763 753 66 433 295 806 726 260 174 700 12 924 236 885 318 952 13 278 921 811 92 156 960 203 144 226 191 855 853 428 33 760 528 283 37 144 223 469 750 269 263 